11
30
--1-----------------------------
--1-----------------0-----------
----1-----u--0------------------
---n-1----1---------------0-1---
-n000--011110000100111--01u1----
1010111-11-0---011n1----0u0n0110
n----1-010-u----1100010101011---
0--00n-01100110000unnu--nun--101
-100001u00n-nuun0un0100-000--nun
1u-nn-u011u00110110110101nu1100n
100111011-010--0---101-un100u0uu
10--------uuu--n0--1u10-100--000
u-----001-110001--1000-1-----u--
011--1----1------110n01n-----0--
-------------------00-00--------
----------0--1------------------
--------------------------------
--------------------------------
--n----------------------------n
--------------------------------


6

12
11
3
1
21
11

13
12
3
1
28
18

14
13
2
1
30
20

15
14
3
1
31
31

19
15
2
3
31 3 4
21 25 26

28
27
2
2
29 0
19 22

13
30

4294934528
4292870144

2097152
268435456

4028628992
1073741792

3489660960
8144

4294959104
4293918720

2148532176
67105824

67052384
4280508163

17214215
3579887649

2928148480
1073741173

4160748476
4294408176

4293459944
4102026240

189726720
2147452328

1112
142336

4294820352
3693084672

603979776
4608

4294962688
4292608000

2359296
536870913

0
0