11
31
--------------1010101-----------
--010101010--10010101-----------
---1nuuuuuu0-0------------------
10-u0101010---------------100101
0u-0----101--110010------1110101
00-0-----------001n11---01nn--01
u0--------0110-nuuuu0100-101--nu
00110--11-u1---01u001nun-n11-001
-nu1100un10-1--010-110u0-00-----
010110111uu110-1nn-un-0101n10011
01n1-n---001101010-11-010-0--00-
000--1100111unnnnnnnnnn01u----00
-0-----n-1n001000111101-1101--0-
1u10001111111--0-1001101011011u1
10---------------------------10-
--------------------1--1--------
--------------------------------
--------------------------------
---------u--u-------------------
---------0--0-------------------
--------------------------------

3

21
20
2
3
6 10 13
28 0 3

23
22
2
1
1
23


28
27
2
2
19 22
9 12

13
31

32768
2097152

4292870144
4026531840

4292870144
3221225472

805306401
8240

32
4096

4294934286
4292854656

2064383
528482048

3238000896
4280285216

3219421184
599784960

3762321790
2163408320

67260415
19398530

4294736446
1025474559

3758096383
4294967152

144
589824

4294377472
2147483644

2147483652
2304

4294964992
4290248704

0
0

0
0
