11
33
--------------------------------
---------------------------1----
----------n--0--------11--0-0---
---u-----------------------001--
-u000------0------1--1---1u--1--
-111-------0-0-100n10--1un1u0-01
n0-1-1-1111n11--0-0u01-110u0----
000unn1unnn1--1101u1u1-unn00-1-1
u0nn10-111un1--u01011001000u0-01
0u101110u1110010nn0n-n0u-110u011
n1n-100-0uu1u--100n1-00n01000-un
0-0-unn0101011----0----nunnnu0un
001-011-u11u10101101010n00100-01
11u0101101011u01000101-111100--u
-11----------1--1---n--n------11
---1---------u--u---10-01-------
n--n------1--0--0---------------
0--1--1-------------u--u--------
--------------------0-10-1------
----------1--1------------------
--------------------------------
--------------------------------
--u----------------------------u

10

12
11
3
1
21
11

13
12
2
1
28
18

14
12
3
1
21
11

15
14
2
1
31
31

14
13
3
2
30 5
20 27

15
14
1
2
7 4
29 26

16
15
3
1
31
21

17
16
1
1
27
17

26
25
2
1
31
21

27
26
2
2
11 8
1 30

13
33

32768
2097152

4292870144
4026531840

4024434688
3221225440

2952790048
8112

3221233632
1044448

4293885792
4225751040

4021284736
2951708912

2545809424
3204584184

3756784404
1608031999

2076135552
2124480760

2156322949
1131430464

1107540321
3702530305

54458389
2675706497

1082130302
4294435848

237560
3489398786

3221749758
268434304

4294966144
4292608000

2359296
301989888

3992977408
4294966720

576
2359296

4292608000
3758096383
