11
34
--------------------------------
-------------------10------0----
--------nuu1-0------------0-----
-1-n00---00101101-0010----------
-n0010--1100-----------0--u000n-
-00-0----010010--1n0111u-0uu0110
u00100---110100n0uuu101n1-00101n
0101101-00uu-01101110-10nuu1-11u
u1nuun01010n01-11nnuu0100010--1n
1001u00n0nu1u11u0001n11n100u000u
u1nu001-u1-00u001--0nu10u100nu-0
-100-0--0-1-n0uuu0-uu0uu011nu101
0n-1010111001u-01-1-1111010111u1
100n011--11111110101-u00n1010111
---1------n--u0-----00-11-------
---u--n---00-11----------1------
1-----0---------------n--u------
----------u--n--------0-----1---
----------0-10-1----------------
1--1----------------------------
--------------------------------
---------------------0--0-------
---------------------u--n-------
--------------------------------

13

12
11
2
3
23 22 21
13 12 11

13
12
3
1
28
18

14
12
2
1
23
13

14
13
3
1
5
27

15
14
2
2
0 13
0 3

15
14
3
1
31
31

16
15
2
2
31 16
21 6

17
16
2
1
6
28

18
14
2
1
24
14

19
15
2
2
2 3
24 25

25
24
2
1
25
15

26
25
2
1
9
31

27
26
2
2
18 21
8 11



13
34

32768
2097152

2097152
268435456

4037017600
1073741794

3489660959
7888

290
37120

2147434496
4291821535

9179328
2349907713

1199555807
4170959087

814851840
2369257860

2212495860
3221481736

2617096188
4275830222

2167760824
3017556123

2216696803
269349314

919230
3765166080

293609472
268437696

3758094592
4294049728

4294049792
2415919104

1879048192
56

4294967240
4294508544

458752
1879048192

2415919104
4294966400

0 
0